505.0 527.0
507.0 522.0
512.0 519.0
513.0 514.0
516.0 515.0
516.0 515.0
518.0 516.0
518.0 517.0
516.0 515.0
516.0 512.0
519.0 513.0
518.0 510.0
518.0 507.0
516.0 501.0
520.0 504.0
526.0 511.0
528.0 514.0
521.0 510.0
516.0 506.0
511.0 506.0
507.0 509.0
501.0 513.0
498.0 519.0
497.0 522.0
497.0 527.0
501.0 528.0
505.0 529.0
508.0 531.0
516.0 537.0
513.0 533.0
510.0 526.0
512.0 525.0
511.0 522.0
509.0 517.0
509.0 516.0
515.0 528.0
511.0 534.0
504.0 533.0
501.0 535.0
498.0 535.0
488.0 527.0
484.0 523.0
483.0 516.0
486.0 511.0
489.0 505.0
482.0 489.0
484.0 486.0
480.0 476.0
480.0 469.0
487.0 473.0
498.0 481.0
511.0 496.0
524.0 511.0
529.0 520.0
524.0 519.0
524.0 523.0
527.0 523.0
525.0 516.0
524.0 510.0
525.0 508.0
530.0 509.0
532.0 504.0
540.0 497.0
551.0 443.0
274.0 175.0
198.0 73.0
239.0 115.0
322.0 214.0
448.0 354.0
523.0 463.0
591.0 546.0
669.0 660.0
748.0 767.0
757.0 806.0
713.0 773.0
676.0 740.0
620.0 679.0
590.0 638.0
559.0 599.0
563.0 588.0
558.0 587.0
557.0 583.0
560.0 586.0
563.0 586.0
570.0 585.0
563.0 570.0
510.0 497.0
474.0 453.0
469.0 439.0
476.0 438.0
490.0 446.0
506.0 459.0
516.0 471.0
521.0 482.0
522.0 491.0
524.0 503.0
521.0 511.0
513.0 516.0
505.0 520.0
497.0 523.0
494.0 525.0
498.0 527.0
502.0 525.0
504.0 522.0
508.0 519.0
514.0 518.0
516.0 514.0
518.0 511.0
518.0 507.0
515.0 504.0
511.0 502.0
507.0 502.0
506.0 505.0
505.0 507.0
510.0 515.0
512.0 520.0
514.0 524.0
516.0 525.0
510.0 519.0
513.0 520.0
509.0 518.0
507.0 517.0
506.0 518.0
506.0 525.0
502.0 530.0
502.0 535.0
506.0 531.0
516.0 520.0
533.0 505.0
547.0 495.0
299.0 205.0
200.0 71.0
242.0 89.0
352.0 193.0
457.0 311.0
560.0 443.0
614.0 538.0
661.0 626.0
658.0 667.0
700.0 733.0
744.0 815.0
739.0 812.0
706.0 785.0
658.0 716.0
626.0 668.0
587.0 614.0
577.0 592.0
560.0 569.0
563.0 567.0
565.0 574.0
571.0 579.0
564.0 574.0
546.0 554.0
526.0 533.0
508.0 515.0
496.0 500.0
492.0 495.0
488.0 491.0
490.0 494.0
497.0 499.0
501.0 505.0
501.0 506.0
505.0 509.0
509.0 511.0
512.0 514.0
518.0 518.0
522.0 522.0
522.0 523.0
521.0 522.0
518.0 520.0
519.0 517.0
517.0 513.0
515.0 510.0
515.0 508.0
517.0 512.0
517.0 514.0
516.0 515.0
515.0 516.0
517.0 520.0
517.0 520.0
517.0 521.0
516.0 521.0
518.0 524.0
516.0 523.0
514.0 520.0
512.0 517.0
511.0 513.0
508.0 508.0
509.0 503.0
511.0 501.0
516.0 503.0
518.0 506.0
516.0 510.0
514.0 518.0
516.0 533.0
516.0 539.0
518.0 540.0
521.0 538.0
522.0 533.0
523.0 528.0
529.0 526.0
526.0 516.0
525.0 510.0
520.0 504.0
518.0 505.0
517.0 509.0
525.0 523.0
526.0 531.0
518.0 525.0
514.0 523.0
511.0 520.0
509.0 517.0
510.0 517.0
510.0 515.0
512.0 518.0
510.0 519.0
509.0 519.0
508.0 521.0
507.0 521.0
511.0 524.0
523.0 535.0
525.0 536.0
520.0 531.0
515.0 528.0
513.0 531.0
511.0 531.0
509.0 527.0
510.0 525.0
508.0 523.0
512.0 527.0
520.0 533.0
518.0 527.0
516.0 520.0
516.0 517.0
509.0 503.0
509.0 497.0
512.0 498.0
514.0 496.0
514.0 495.0
514.0 497.0
514.0 501.0
512.0 502.0
512.0 503.0
513.0 504.0
513.0 503.0
514.0 499.0
515.0 495.0
516.0 495.0
519.0 496.0
517.0 496.0
509.0 505.0
491.0 526.0
473.0 551.0
465.0 559.0
473.0 543.0
496.0 512.0
524.0 486.0
558.0 483.0
583.0 480.0
594.0 460.0
591.0 439.0
548.0 392.0
511.0 390.0
493.0 431.0
480.0 484.0
481.0 530.0
481.0 546.0
486.0 547.0
493.0 539.0
500.0 536.0
510.0 544.0
516.0 549.0
515.0 546.0
516.0 542.0
520.0 535.0
528.0 536.0
542.0 541.0
543.0 535.0
539.0 526.0
537.0 513.0
538.0 498.0
540.0 487.0
548.0 477.0
520.0 434.0
544.0 454.0
563.0 473.0
572.0 501.0
567.0 529.0
549.0 541.0
528.0 545.0
513.0 536.0
496.0 514.0
488.0 484.0
489.0 457.0
497.0 443.0
490.0 434.0
486.0 443.0
481.0 464.0
477.0 502.0
473.0 542.0
497.0 611.0
503.0 650.0
494.0 664.0
484.0 653.0
478.0 630.0
472.0 602.0
467.0 574.0
474.0 558.0
499.0 550.0
484.0 499.0
475.0 442.0
483.0 406.0
497.0 394.0
511.0 415.0
521.0 454.0
514.0 492.0
501.0 523.0
496.0 534.0
500.0 531.0
510.0 526.0
522.0 513.0
536.0 492.0
547.0 480.0
314.0 222.0
170.0 77.0
154.0 104.0
216.0 215.0
327.0 365.0
422.0 486.0
540.0 593.0
695.0 758.0
791.0 824.0
790.0 821.0
759.0 771.0
722.0 731.0
661.0 664.0
635.0 627.0
603.0 581.0
613.0 560.0
595.0 512.0
588.0 463.0
584.0 454.0
598.0 465.0
612.0 481.0
609.0 489.0
586.0 473.0
516.0 396.0
249.0 110.0
140.0 10.0
141.0 50.0
201.0 181.0
251.0 323.0
292.0 469.0
387.0 674.0
474.0 801.0
515.0 833.0
556.0 798.0
582.0 754.0
587.0 674.0
611.0 636.0
605.0 592.0
612.0 582.0
593.0 573.0
592.0 587.0
574.0 606.0
568.0 626.0
563.0 637.0
561.0 636.0
547.0 607.0
531.0 566.0
525.0 523.0
536.0 490.0
549.0 472.0
552.0 478.0
545.0 504.0
531.0 535.0
518.0 561.0
504.0 575.0
497.0 572.0
498.0 561.0
500.0 542.0
504.0 520.0
514.0 501.0
521.0 488.0
523.0 486.0
521.0 484.0
514.0 487.0
506.0 488.0
504.0 490.0
509.0 491.0
517.0 498.0
526.0 510.0
534.0 529.0
538.0 549.0
533.0 560.0
527.0 569.0
530.0 575.0
521.0 563.0
513.0 550.0
512.0 543.0
509.0 530.0
508.0 520.0
516.0 516.0
524.0 512.0
527.0 511.0
532.0 513.0
534.0 519.0
531.0 525.0
527.0 529.0
521.0 531.0
518.0 532.0
516.0 530.0
514.0 527.0
515.0 525.0
514.0 519.0
514.0 518.0
517.0 520.0
519.0 524.0
519.0 528.0
520.0 528.0
519.0 526.0
520.0 524.0
519.0 521.0
519.0 521.0
519.0 524.0
517.0 526.0
514.0 525.0
512.0 523.0
511.0 520.0
509.0 519.0
507.0 517.0
507.0 519.0
510.0 525.0
512.0 528.0
511.0 527.0
511.0 526.0
512.0 525.0
514.0 527.0
518.0 528.0
519.0 527.0
517.0 526.0
514.0 528.0
509.0 528.0
505.0 531.0
505.0 535.0
505.0 536.0
499.0 530.0
488.0 518.0
484.0 511.0
485.0 510.0
488.0 513.0
495.0 518.0
502.0 520.0
509.0 519.0
514.0 520.0
517.0 523.0
518.0 523.0
513.0 519.0
508.0 511.0
503.0 501.0
504.0 497.0
506.0 497.0
507.0 499.0
505.0 499.0
505.0 504.0
511.0 512.0
514.0 516.0
517.0 519.0
520.0 523.0
518.0 519.0
519.0 516.0
525.0 517.0
529.0 515.0
531.0 512.0
531.0 509.0
502.0 474.0
473.0 440.0
470.0 433.0
478.0 444.0
496.0 462.0
522.0 492.0
533.0 507.0
531.0 512.0
523.0 514.0
516.0 517.0
509.0 519.0
502.0 520.0
500.0 524.0
499.0 525.0
499.0 525.0
495.0 520.0
492.0 517.0
494.0 517.0
497.0 518.0
503.0 519.0
513.0 524.0
523.0 531.0
523.0 529.0
520.0 522.0
517.0 516.0
516.0 513.0
518.0 517.0
520.0 517.0
520.0 517.0
520.0 520.0
517.0 522.0
514.0 526.0
508.0 527.0
506.0 532.0
500.0 530.0
499.0 524.0
509.0 515.0
524.0 501.0
544.0 493.0
530.0 450.0
579.0 470.0
637.0 486.0
685.0 498.0
698.0 504.0
680.0 506.0
644.0 511.0
603.0 517.0
566.0 520.0
538.0 522.0
514.0 516.0
503.0 504.0
500.0 493.0
501.0 484.0
506.0 481.0
511.0 483.0
513.0 488.0
515.0 494.0
512.0 501.0
510.0 508.0
508.0 512.0
507.0 515.0
507.0 518.0
512.0 528.0
519.0 533.0
525.0 525.0
531.0 511.0
400.0 347.0
210.0 106.0
170.0 61.0
247.0 132.0
349.0 251.0
463.0 370.0
553.0 480.0
615.0 540.0
689.0 623.0
718.0 649.0
732.0 659.0
690.0 615.0
664.0 591.0
604.0 552.0
519.0 489.0
435.0 445.0
394.0 441.0
398.0 478.0
433.0 529.0
483.0 603.0
533.0 688.0
556.0 757.0
539.0 790.0
504.0 797.0
471.0 785.0
447.0 761.0
436.0 726.0
433.0 685.0
441.0 645.0
456.0 604.0
473.0 572.0
489.0 544.0
502.0 520.0
517.0 496.0
543.0 468.0
571.0 437.0
603.0 407.0
388.0 112.0
291.0 11.0
350.0 11.0
465.0 3.0
591.0 114.0
685.0 219.0
774.0 325.0
815.0 375.0
848.0 416.0
842.0 426.0
829.0 424.0
780.0 413.0
732.0 388.0
689.0 387.0
649.0 380.0
672.0 455.0
717.0 552.0
735.0 606.0
709.0 609.0
682.0 600.0
649.0 583.0
616.0 563.0
266.0 198.0
93.0 23.0
80.0 22.0
172.0 146.0
309.0 280.0
435.0 427.0
523.0 527.0
602.0 611.0
629.0 647.0
645.0 661.0
630.0 649.0
619.0 630.0
593.0 621.0
575.0 601.0
563.0 602.0
548.0 587.0
548.0 595.0
537.0 583.0
534.0 586.0
508.0 577.0
497.0 577.0
563.0 652.0
621.0 702.0
638.0 691.0
631.0 651.0
614.0 595.0
557.0 497.0
504.0 430.0
482.0 405.0
478.0 408.0
484.0 429.0
495.0 458.0
504.0 480.0
515.0 499.0
520.0 508.0
523.0 510.0
527.0 511.0
533.0 511.0
538.0 512.0
536.0 508.0
534.0 508.0
525.0 503.0
516.0 500.0
510.0 501.0
507.0 504.0
506.0 507.0
505.0 509.0
506.0 512.0
502.0 509.0
496.0 504.0
497.0 503.0
500.0 506.0
502.0 509.0
507.0 513.0
510.0 515.0
512.0 517.0
514.0 517.0
514.0 517.0
515.0 516.0
516.0 514.0
517.0 514.0
518.0 514.0
518.0 515.0
515.0 514.0
513.0 512.0
513.0 511.0
513.0 512.0
516.0 514.0
519.0 512.0
533.0 526.0
537.0 517.0
527.0 499.0
513.0 483.0
510.0 484.0
507.0 486.0
508.0 494.0
519.0 510.0
526.0 522.0
533.0 532.0
533.0 534.0
525.0 529.0
520.0 522.0
516.0 518.0
514.0 513.0
517.0 512.0
517.0 507.0
523.0 511.0
528.0 512.0
532.0 514.0
540.0 517.0
542.0 518.0
542.0 520.0
537.0 520.0
527.0 516.0
521.0 514.0
519.0 514.0
521.0 516.0
522.0 517.0
521.0 515.0
519.0 513.0
517.0 512.0
520.0 516.0
522.0 521.0
517.0 516.0
514.0 514.0
515.0 516.0
515.0 517.0
514.0 518.0
511.0 516.0
515.0 519.0
506.0 510.0
502.0 505.0
502.0 503.0
504.0 507.0
506.0 509.0
505.0 512.0
506.0 515.0
508.0 517.0
513.0 519.0
515.0 518.0
519.0 517.0
521.0 519.0
519.0 518.0
518.0 517.0
515.0 518.0
519.0 524.0
517.0 526.0
517.0 528.0
513.0 524.0
508.0 517.0
505.0 511.0
505.0 508.0
507.0 508.0
506.0 509.0
504.0 509.0
502.0 511.0
500.0 515.0
497.0 516.0
499.0 518.0
500.0 517.0
507.0 517.0
518.0 518.0
525.0 515.0
531.0 514.0
532.0 513.0
525.0 511.0
521.0 515.0
506.0 511.0
489.0 506.0
479.0 506.0
484.0 517.0
490.0 523.0
498.0 525.0
500.0 517.0
512.0 521.0
529.0 529.0
539.0 532.0
541.0 530.0
534.0 523.0
529.0 523.0
528.0 524.0
529.0 525.0
529.0 525.0
532.0 525.0
527.0 516.0
522.0 507.0
518.0 503.0
517.0 501.0
519.0 503.0
519.0 504.0
520.0 507.0
521.0 511.0
521.0 515.0
521.0 517.0
519.0 518.0
518.0 521.0
515.0 517.0
512.0 518.0
513.0 516.0
511.0 513.0
510.0 511.0
511.0 511.0
515.0 515.0
518.0 516.0
519.0 515.0
520.0 514.0
524.0 516.0
535.0 522.0
543.0 527.0
544.0 521.0
543.0 517.0
548.0 520.0
542.0 511.0
535.0 504.0
532.0 504.0
530.0 510.0
536.0 521.0
530.0 525.0
516.0 516.0
504.0 510.0
498.0 507.0
497.0 508.0
497.0 507.0
502.0 509.0
505.0 511.0
509.0 513.0
511.0 515.0
514.0 516.0
513.0 517.0
512.0 517.0
507.0 514.0
503.0 513.0
494.0 515.0
480.0 516.0
459.0 515.0
440.0 513.0
423.0 514.0
418.0 516.0
423.0 513.0
450.0 517.0
480.0 518.0
500.0 516.0
510.0 517.0
510.0 520.0
506.0 520.0
506.0 520.0
512.0 526.0
510.0 529.0
503.0 524.0
506.0 523.0
514.0 525.0
528.0 530.0
535.0 531.0
531.0 525.0
523.0 518.0
508.0 506.0
500.0 501.0
499.0 500.0
501.0 503.0
504.0 507.0
509.0 510.0
513.0 516.0
516.0 517.0
513.0 518.0
509.0 518.0
504.0 516.0
498.0 517.0
494.0 516.0
498.0 515.0
507.0 513.0
516.0 514.0
512.0 511.0
504.0 510.0
501.0 509.0
499.0 508.0
495.0 507.0
494.0 510.0
508.0 523.0
526.0 534.0
538.0 534.0
542.0 530.0
536.0 523.0
528.0 521.0
514.0 517.0
501.0 516.0
489.0 510.0
487.0 509.0
486.0 507.0
487.0 507.0
503.0 505.0
521.0 499.0
539.0 499.0
549.0 500.0
528.0 479.0
548.0 502.0
555.0 516.0
565.0 532.0
565.0 541.0
559.0 543.0
538.0 525.0
526.0 520.0
525.0 520.0
522.0 520.0
519.0 518.0
518.0 515.0
516.0 514.0
517.0 515.0
518.0 517.0
513.0 513.0
509.0 509.0
509.0 510.0
499.0 500.0
497.0 498.0
503.0 503.0
504.0 504.0
508.0 507.0
513.0 514.0
352.0 340.0
177.0 142.0
152.0 119.0
213.0 195.0
338.0 319.0
441.0 442.0
537.0 535.0
632.0 642.0
686.0 699.0
708.0 726.0
680.0 696.0
666.0 678.0
628.0 638.0
618.0 622.0
592.0 597.0
360.0 343.0
229.0 201.0
225.0 200.0
302.0 276.0
399.0 386.0
479.0 473.0
561.0 557.0
603.0 609.0
644.0 646.0
643.0 653.0
646.0 644.0
629.0 645.0
614.0 621.0
605.0 621.0
594.0 604.0
528.0 531.0
427.0 414.0
354.0 344.0
356.0 345.0
402.0 396.0
470.0 466.0
543.0 550.0
578.0 588.0
611.0 625.0
608.0 620.0
615.0 622.0
586.0 598.0
581.0 593.0
559.0 577.0
621.0 644.0
446.0 438.0
310.0 307.0
288.0 277.0
339.0 330.0
404.0 404.0
495.0 488.0
547.0 554.0
596.0 599.0
619.0 634.0
617.0 631.0
616.0 641.0
631.0 663.0
500.0 523.0
344.0 356.0
283.0 296.0
306.0 322.0
370.0 391.0
436.0 455.0
500.0 533.0
541.0 576.0
591.0 623.0
602.0 633.0
617.0 640.0
623.0 648.0
569.0 570.0
417.0 378.0
369.0 323.0
383.0 342.0
450.0 404.0
503.0 476.0
566.0 539.0
602.0 594.0
629.0 625.0
636.0 641.0
626.0 627.0
631.0 634.0
672.0 681.0
456.0 425.0
